1728928284260 1.70723 0
1728928584739 1.42002 1
1728928907526 1.33791 2
1728929230925 1.27013 3
1728929538523 1.16295 4
1728929860821 1.13146 5
1728930172650 1.11391 6
1728930482032 1.10386 7
1728930792307 1.04397 8
1728931108109 1.03754 9
1728931430270 1.02 10
1728931746488 0.98109 11
1728932070879 0.96017 12
1728932386395 0.94241 13
1728932699425 0.92722 14
1728933010799 0.91505 15
1728933335937 0.87636 16
1728933658924 0.86763 17
1728933985398 0.85844 18
1728934296040 0.83818 19
1728934611012 0.82385 20
1728934915219 0.83043 21
1728935226264 0.83252 22
1728935542361 0.77164 23
1728935844677 0.76614 24
