1728928284260 3.74762 0
1728928584739 2.66018 1
1728928907526 2.11752 2
1728929230925 1.96683 3
1728929538523 1.71151 4
1728929860821 1.56709 5
1728930172650 1.51093 6
1728930482032 1.4501 7
1728930792307 1.31091 8
1728931108109 1.28538 9
1728931430270 1.21986 10
1728931746488 1.12316 11
1728932070879 1.07715 12
1728932386395 1.0437 13
1728932699425 0.98644 14
1728933010799 1.05549 15
1728933335937 0.97539 16
1728933658924 0.94309 17
1728933985398 0.92127 18
1728934296040 0.82868 19
1728934611012 0.81638 20
1728934915219 0.79407 21
1728935226264 0.78769 22
1728935542361 0.73212 23
1728935844677 0.70375 24
