1728928284260 1.69642 0
1728928584739 1.49995 1
1728928907526 1.39527 2
1728929230925 1.3727 3
1728929538523 1.28675 4
1728929860821 1.27889 5
1728930172650 1.25648 6
1728930482032 1.24592 7
1728930792307 1.21397 8
1728931108109 1.22414 9
1728931430270 1.21135 10
1728931746488 1.16764 11
1728932070879 1.15631 12
1728932386395 1.15687 13
1728932699425 1.13386 14
1728933010799 1.13637 15
1728933335937 1.12576 16
1728933658924 1.12308 17
1728933985398 1.11656 18
1728934296040 1.10431 19
1728934611012 1.09583 20
1728934915219 1.07185 21
1728935226264 1.08944 22
1728935542361 1.05641 23
1728935844677 1.04965 24
