1729080458253 0.05092 0
1729080766452 0.03176 1
1729081085044 0.12619 2
1729081410105 0.14136 3
1729081723736 0.14272 4
1729082042737 0.1357 5
1729082343261 0.16443 6
1729082662171 0.20397 7
1729082964863 0.19142 8
1729083273717 0.19513 9
1729083581305 0.19843 10
1729083898477 0.21594 11
1729084213110 0.2141 12
1729084516671 0.2231 13
1729084964228 0.23097 14
1729085308802 0.25754 15
1729085599131 0.24694 16
1729085910794 0.21194 17
1729086221623 0.23494 18
1729086529273 0.24727 19
1729086543231 0.24726465015295626 19
