1729080458253 0.03795 0
1729080766452 0.02217 1
1729081085044 0.07677 2
1729081410105 0.0993 3
1729081723736 0.09552 4
1729082042737 0.08793 5
1729082343261 0.10935 6
1729082662171 0.12804 7
1729082964863 0.12979 8
1729083273717 0.12867 9
1729083581305 0.1314 10
1729083898477 0.14243 11
1729084213110 0.13926 12
1729084516671 0.14067 13
1729084964228 0.14505 14
1729085308802 0.16152 15
1729085599131 0.15485 16
1729085910794 0.14173 17
1729086221623 0.15333 18
1729086529273 0.16816 19
1729086543231 0.16809936479648022 19
