1729080458253 0.06888 0
1729080766452 0.22904 1
1729081085044 0.60505 2
1729081410105 0.4226 3
1729081723736 0.39942 4
1729082042737 0.5123 5
1729082343261 0.13374 6
1729082662171 0.26198 7
1729082964863 0.2827 8
1729083273717 0.39381 9
1729083581305 0.32255 10
1729083898477 0.17931 11
1729084213110 0.19389 12
1729084516671 0.23428 13
1729084964228 0.2645 14
1729085308802 0.19141 15
1729085599131 0.1963 16
1729085910794 0.19601 17
1729086221623 0.24665 18
1729086529273 0.35595 19
1729086543231 0.3541852286352995 19
