1729080458253 0.05097 0
1729080766452 0.08196 1
1729081085044 0.16506 2
1729081410105 0.13156 3
1729081723736 0.16135 4
1729082042737 0.16118 5
1729082343261 0.24967 6
1729082662171 0.25716 7
1729082964863 0.20536 8
1729083273717 0.2444 9
1729083581305 0.19417 10
1729083898477 0.23309 11
1729084213110 0.27651 12
1729084516671 0.25552 13
1729084964228 0.23307 14
1729085308802 0.30758 15
1729085599131 0.31396 16
1729085910794 0.27578 17
1729086221623 0.30415 18
1729086529273 0.31929 19
1729086543231 0.3190028548649467 19
