1729025753363 8.819999999999999e-05 0
1729026119643 0.00018047542799999998 1
1729026456143 0.000270888072 2
1729026790875 0.00035943793199999996 3
1729027127161 0.0004461250079999999 4
1729027463032 0.0005309493000000001 5
1729032751056 0.0005530728 6
1729039762600 0.0005472516 7
1729044630889 0.0005414304 8
1729050467028 0.0005356092 9
1729052562425 0.000529788 10
1729052894762 0.0005239668 11
1729053212675 0.0005181456 12
1729053531410 0.0005123244 13
1729053855290 0.0005065031999999999 14
1729054174841 0.000500682 15
1729054501128 0.0004948608 16
1729054818868 0.0004890396 17
1729055123394 0.0004832184 18
1729055434202 0.0004773972 19
1729055738683 0.000471576 20
1729056046547 0.0004657548 21
1729056348554 0.0004599336 22
1729056655755 0.0004541124 23
1729056960742 0.0004482912 24
1729058193408 0.00044246999999999993 25
1729059040962 0.0004366488 26
1729059358869 0.0004308276 27
1729059670579 0.0004250064 28
1729059986551 0.0004191852 29
1729060302489 0.00041336399999999994 30
1729060604300 0.00040754279999999994 31
1729060910692 0.00040172159999999995 32
1729061211490 0.00039590039999999995 33
1729061514072 0.0003900791999999999 34
1729061829007 0.00038425799999999995 35
1729062142422 0.0003784368 36
1729062437747 0.0003726156 37
1729062763236 0.0003667944 38
1729063073919 0.0003609732 39
1729063402089 0.00035515199999999996 40
1729063726803 0.0003493308 41
1729064057634 0.0003435096 42
1729064385713 0.0003376884 43
1729064711199 0.00033186719999999997 44
1729065046781 0.000326046 45
1729065370829 0.00032022480000000003 46
1729065699281 0.00031440360000000003 47
1729066023117 0.00030858240000000004 48
1729066354928 0.0003027612 49
1729066686973 0.00029694 50
1729067011244 0.0002911188 51
1729067332921 0.0002852976 52
1729067658498 0.0002794764 53
1729067978665 0.0002736552 54
1729068293486 0.00026783399999999994 55
1729068606063 0.00026201279999999995 56
1729068917357 0.0002561916 57
1729069243616 0.00025037040000000006 58
1729069565474 0.0002445492 59
1729069891321 0.000238728 60
1729070213030 0.00023290679999999998 61
1729070521281 0.00022708559999999999 62
1729070897377 0.00022126440000000002 63
1729071694878 0.0002154432 64
1729072010199 0.000209622 65
1729072327106 0.00020380079999999997 66
1729072635150 0.00019797959999999997 67
1729072956174 0.00019215839999999997 68
1729073275787 0.00018633720000000003 69
1729073567570 0.00018051600000000003 70
1729073874149 0.0001746948 71
1729074194557 0.0001688736 72
1729074514921 0.0001630524 73
1729074838695 0.0001572312 74
1729075149590 0.00015141 75
1729075438473 0.0001455888 76
1729075730045 0.0001397676 77
1729076020787 0.00013394639999999997 78
1729076322764 0.0001281252 79
1729076623661 0.00012230399999999997 80
1729076926653 0.00011648279999999996 81
1729077221351 0.00011066160000000003 82
1729077510994 0.00010484040000000002 83
1729077798176 9.901920000000002e-05 84
1729078089924 9.319800000000001e-05 85
1729078392647 8.73768e-05 86
1729078710016 8.15556e-05 87
