1728928284260 9.375e-05 0
1728928584739 0.0001860775 1
1728928907526 0.00027048500000000005 2
1728929230925 0.00034697250000000003 3
1728929538523 0.00041554 4
1728929860821 0.00047618750000000005 5
1728930172650 0.0004765 6
1728930482032 0.00045175 7
1728930792307 0.00042699999999999997 8
1728931108109 0.00040225000000000005 9
1728931430270 0.0003775 10
1728931746488 0.00035275000000000004 11
1728932070879 0.00032800000000000006 12
1728932386395 0.00030324999999999997 13
1728932699425 0.0002785 14
1728933010799 0.00025375 15
1728933335937 0.000229 16
1728933658924 0.00020425 17
1728933985398 0.0001795 18
1728934296040 0.00015475 19
1728934611012 0.00013 20
1728934915219 0.00010525000000000004 21
1728935226264 8.05e-05 22
1728935542361 5.574999999999997e-05 23
1728935844677 3.100000000000003e-05 24
