1729025753363 1.56904 0
1729026119643 1.32581 1
1729026456143 1.22252 2
1729026790875 1.16774 3
1729027127161 1.03493 4
1729027463032 1.03535 5
1729032751056 1.07223 6
1729039762600 1.03659 7
1729044630889 0.94538 8
1729050467028 0.98904 9
1729052562425 0.90105 10
1729052894762 0.87831 11
1729053212675 0.8671 12
1729053531410 0.84566 13
1729053855290 0.85699 14
1729054174841 0.82218 15
1729054501128 0.83244 16
1729054818868 0.82156 17
1729055123394 0.78339 18
1729055434202 0.81388 19
1729055738683 0.78338 20
1729056046547 0.7846 21
1729056348554 0.74294 22
1729056655755 0.73977 23
1729056960742 0.75376 24
1729058193408 0.74606 25
1729059040962 0.73564 26
1729059358869 0.73888 27
1729059670579 0.73123 28
1729059986551 0.72673 29
1729060302489 0.69989 30
1729060604300 0.69196 31
1729060910692 0.66876 32
1729061211490 0.68369 33
1729061514072 0.67797 34
1729061829007 0.68651 35
1729062142422 0.64666 36
1729062437747 0.64545 37
1729062763236 0.63618 38
1729063073919 0.64245 39
1729063402089 0.66605 40
1729063726803 0.62388 41
1729064057634 0.6436 42
1729064385713 0.62162 43
1729064711199 0.63134 44
1729065046781 0.613 45
1729065370829 0.60931 46
1729065699281 0.63555 47
1729066023117 0.59299 48
1729066354928 0.60578 49
1729066686973 0.57686 50
1729067011244 0.59706 51
1729067332921 0.5835 52
1729067658498 0.58377 53
1729067978665 0.56794 54
1729068293486 0.56204 55
1729068606063 0.57628 56
1729068917357 0.55801 57
1729069243616 0.57273 58
1729069565474 0.55793 59
1729069891321 0.55554 60
1729070213030 0.56619 61
1729070521281 0.53368 62
1729070897377 0.54404 63
1729071694878 0.54232 64
1729072010199 0.535 65
1729072327106 0.52618 66
1729072635150 0.51698 67
1729072956174 0.54278 68
1729073275787 0.52976 69
1729073567570 0.51378 70
1729073874149 0.49284 71
1729074194557 0.50954 72
1729074514921 0.49321 73
1729074838695 0.5112 74
1729075149590 0.50517 75
1729075438473 0.4944 76
1729075730045 0.48633 77
1729076020787 0.50001 78
1729076322764 0.48794 79
1729076623661 0.49325 80
1729076926653 0.48912 81
1729077221351 0.48222 82
1729077510994 0.47141 83
1729077798176 0.48201 84
1729078089924 0.45749 85
1729078392647 0.47565 86
1729078710016 0.45724 87
