1729025753363 3.95058 0
1729026119643 2.74895 1
1729026456143 2.21111 2
1729026790875 2.05325 3
1729027127161 1.76677 4
1729027463032 1.60051 5
1729032751056 1.56998 6
1729039762600 1.47141 7
1729044630889 1.29387 8
1729050467028 1.25781 9
1729052562425 1.18815 10
1729052894762 1.12325 11
1729053212675 1.10542 12
1729053531410 1.06097 13
1729053855290 1.04502 14
1729054174841 0.96173 15
1729054501128 0.92612 16
1729054818868 0.90244 17
1729055123394 0.87151 18
1729055434202 0.88986 19
1729055738683 0.8284 20
1729056046547 0.79525 21
1729056348554 0.76174 22
1729056655755 0.77532 23
1729056960742 0.77716 24
1729058193408 0.71693 25
1729059040962 0.71824 26
1729059358869 0.70442 27
1729059670579 0.68343 28
1729059986551 0.65312 29
1729060302489 0.64304 30
1729060604300 0.64584 31
1729060910692 0.6281 32
1729061211490 0.6361 33
1729061514072 0.63086 34
1729061829007 0.65105 35
1729062142422 0.58458 36
1729062437747 0.57184 37
1729062763236 0.56859 38
1729063073919 0.57677 39
1729063402089 0.58106 40
1729063726803 0.53508 41
1729064057634 0.54544 42
1729064385713 0.5736 43
1729064711199 0.52149 44
1729065046781 0.50493 45
1729065370829 0.54072 46
1729065699281 0.52674 47
1729066023117 0.49837 48
1729066354928 0.46915 49
1729066686973 0.47978 50
1729067011244 0.48734 51
1729067332921 0.45561 52
1729067658498 0.46946 53
1729067978665 0.45934 54
1729068293486 0.45507 55
1729068606063 0.46615 56
1729068917357 0.44742 57
1729069243616 0.44086 58
1729069565474 0.44028 59
1729069891321 0.4319 60
1729070213030 0.43002 61
1729070521281 0.42348 62
1729070897377 0.40627 63
1729071694878 0.43131 64
1729072010199 0.40586 65
1729072327106 0.40796 66
1729072635150 0.39213 67
1729072956174 0.42482 68
1729073275787 0.40158 69
1729073567570 0.38082 70
1729073874149 0.38488 71
1729074194557 0.41577 72
1729074514921 0.37442 73
1729074838695 0.38316 74
1729075149590 0.38172 75
1729075438473 0.36868 76
1729075730045 0.37884 77
1729076020787 0.38158 78
1729076322764 0.3818 79
1729076623661 0.35589 80
1729076926653 0.35967 81
1729077221351 0.35734 82
1729077510994 0.35099 83
1729077798176 0.36075 84
1729078089924 0.33341 85
1729078392647 0.34209 86
1729078710016 0.35289 87
