1729025753363 1.58926 0
1729026119643 1.42282 1
1729026456143 1.31635 2
1729026790875 1.29269 3
1729027127161 1.20426 4
1729027463032 1.18441 5
1729032751056 1.21015 6
1729039762600 1.17782 7
1729044630889 1.13533 8
1729050467028 1.16035 9
1729052562425 1.11536 10
1729052894762 1.09905 11
1729053212675 1.09705 12
1729053531410 1.09592 13
1729053855290 1.09268 14
1729054174841 1.06431 15
1729054501128 1.08176 16
1729054818868 1.06369 17
1729055123394 1.05466 18
1729055434202 1.06342 19
1729055738683 1.05836 20
1729056046547 1.06203 21
1729056348554 1.01641 22
1729056655755 1.03437 23
1729056960742 1.04803 24
1729058193408 1.03996 25
1729059040962 1.01969 26
1729059358869 1.01426 27
1729059670579 1.00793 28
1729059986551 0.99877 29
1729060302489 1.00898 30
1729060604300 1.00149 31
1729060910692 0.99411 32
1729061211490 1.01143 33
1729061514072 0.99637 34
1729061829007 0.9999 35
1729062142422 0.96941 36
1729062437747 0.98062 37
1729062763236 0.97927 38
1729063073919 0.98756 39
1729063402089 0.98912 40
1729063726803 0.96419 41
1729064057634 0.96672 42
1729064385713 0.96946 43
1729064711199 0.96418 44
1729065046781 0.95115 45
1729065370829 0.95968 46
1729065699281 0.9659 47
1729066023117 0.94502 48
1729066354928 0.95048 49
1729066686973 0.93957 50
1729067011244 0.95379 51
1729067332921 0.93956 52
1729067658498 0.93424 53
1729067978665 0.93024 54
1729068293486 0.93666 55
1729068606063 0.95446 56
1729068917357 0.94258 57
1729069243616 0.9366 58
1729069565474 0.93609 59
1729069891321 0.93508 60
1729070213030 0.93848 61
1729070521281 0.91763 62
1729070897377 0.91884 63
1729071694878 0.92674 64
1729072010199 0.92277 65
1729072327106 0.92291 66
1729072635150 0.92067 67
1729072956174 0.92577 68
1729073275787 0.92439 69
1729073567570 0.89943 70
1729073874149 0.90618 71
1729074194557 0.90925 72
1729074514921 0.90675 73
1729074838695 0.90648 74
1729075149590 0.90552 75
1729075438473 0.90746 76
1729075730045 0.89787 77
1729076020787 0.90889 78
1729076322764 0.90827 79
1729076623661 0.89257 80
1729076926653 0.90336 81
1729077221351 0.90145 82
1729077510994 0.89435 83
1729077798176 0.89885 84
1729078089924 0.88603 85
1729078392647 0.89932 86
1729078710016 0.89145 87
