1729174275260 1.56904 0
1729174576019 1.32581 1
1729174880977 1.22252 2
1729175191391 1.16774 3
1729175497371 1.03493 4
1729175812708 1.03535 5
1729176110703 1.07223 6
1729176414307 1.03659 7
1729176710939 0.94538 8
1729177018396 0.98904 9
1729177327029 0.90105 10
1729177635095 0.87831 11
1729177946198 0.8671 12
1729178248496 0.84566 13
1729178559222 0.85699 14
1729178865104 0.82218 15
1729179173963 0.83244 16
1729179490554 0.82156 17
1729179801045 0.78339 18
1729180103867 0.81388 19
1729180415401 0.78338 20
1729180730113 0.7846 21
1729181043346 0.74294 22
1729181346630 0.73977 23
1729181653345 0.75376 24
1729181958604 0.74606 25
1729182266218 0.73564 26
1729182583878 0.73888 27
1729182890631 0.73123 28
1729183192506 0.72673 29
1729183499078 0.69989 30
1729183796563 0.69196 31
1729184097650 0.66876 32
1729184413657 0.68369 33
1729184724866 0.67797 34
1729185032583 0.68651 35
1729185340575 0.64666 36
1729185633358 0.64545 37
1729185926476 0.63618 38
1729186226912 0.64245 39
1729186523340 0.66605 40
1729186820158 0.62388 41
1729187136224 0.6436 42
1729187434517 0.62162 43
1729187732386 0.63134 44
1729188030970 0.613 45
1729188327670 0.60931 46
1729188626444 0.63555 47
1729188928048 0.59299 48
1729189224732 0.60578 49
1729189524769 0.57686 50
1729189825593 0.59706 51
1729190125835 0.5835 52
1729190448103 0.58377 53
1729190754037 0.56794 54
1729191049906 0.56204 55
1729191350333 0.57628 56
1729191646667 0.55801 57
1729191950457 0.57273 58
1729192247587 0.55793 59
1729192554442 0.55554 60
1729192856792 0.56619 61
1729193163018 0.53368 62
1729193459848 0.54404 63
1729193753817 0.54232 64
1729194050700 0.535 65
1729194345930 0.52618 66
1729194637834 0.51698 67
1729194928773 0.54278 68
1729195225676 0.52976 69
1729195517666 0.51378 70
1729195809311 0.49284 71
1729196106343 0.50954 72
1729196400188 0.49321 73
1729196694979 0.5112 74
1729196991570 0.50517 75
1729197289497 0.4944 76
1729197588336 0.48633 77
1729197880556 0.50001 78
1729198172676 0.48794 79
1729198467686 0.49325 80
1729198764524 0.48912 81
1729199059833 0.48222 82
1729199354449 0.47141 83
1729199648310 0.48201 84
1729199947118 0.45749 85
1729200237801 0.47565 86
1729200529875 0.45724 87
1729200817579 0.44495 88
1729201112147 0.46748 89
1729201402301 0.45733 90
1729201690522 0.43662 91
1729201981483 0.41328 92
1729202278331 0.42077 93
1729202573428 0.42733 94
1729202870223 0.44566 95
1729203170425 0.43928 96
1729203472591 0.43292 97
1729203771425 0.4227 98
1729204068992 0.41327 99
