1729174275260 3.95058 0
1729174576019 2.74895 1
1729174880977 2.21111 2
1729175191391 2.05325 3
1729175497371 1.76677 4
1729175812708 1.60051 5
1729176110703 1.56998 6
1729176414307 1.47141 7
1729176710939 1.29387 8
1729177018396 1.25781 9
1729177327029 1.18815 10
1729177635095 1.12325 11
1729177946198 1.10542 12
1729178248496 1.06097 13
1729178559222 1.04502 14
1729178865104 0.96173 15
1729179173963 0.92612 16
1729179490554 0.90244 17
1729179801045 0.87151 18
1729180103867 0.88986 19
1729180415401 0.8284 20
1729180730113 0.79525 21
1729181043346 0.76174 22
1729181346630 0.77532 23
1729181653345 0.77716 24
1729181958604 0.71693 25
1729182266218 0.71824 26
1729182583878 0.70442 27
1729182890631 0.68343 28
1729183192506 0.65312 29
1729183499078 0.64304 30
1729183796563 0.64584 31
1729184097650 0.6281 32
1729184413657 0.6361 33
1729184724866 0.63086 34
1729185032583 0.65105 35
1729185340575 0.58458 36
1729185633358 0.57184 37
1729185926476 0.56859 38
1729186226912 0.57677 39
1729186523340 0.58106 40
1729186820158 0.53508 41
1729187136224 0.54544 42
1729187434517 0.5736 43
1729187732386 0.52149 44
1729188030970 0.50493 45
1729188327670 0.54072 46
1729188626444 0.52674 47
1729188928048 0.49837 48
1729189224732 0.46915 49
1729189524769 0.47978 50
1729189825593 0.48734 51
1729190125835 0.45561 52
1729190448103 0.46946 53
1729190754037 0.45934 54
1729191049906 0.45507 55
1729191350333 0.46615 56
1729191646667 0.44742 57
1729191950457 0.44086 58
1729192247587 0.44028 59
1729192554442 0.4319 60
1729192856792 0.43002 61
1729193163018 0.42348 62
1729193459848 0.40627 63
1729193753817 0.43131 64
1729194050700 0.40586 65
1729194345930 0.40796 66
1729194637834 0.39213 67
1729194928773 0.42482 68
1729195225676 0.40158 69
1729195517666 0.38082 70
1729195809311 0.38488 71
1729196106343 0.41577 72
1729196400188 0.37442 73
1729196694979 0.38316 74
1729196991570 0.38172 75
1729197289497 0.36868 76
1729197588336 0.37884 77
1729197880556 0.38158 78
1729198172676 0.3818 79
1729198467686 0.35589 80
1729198764524 0.35967 81
1729199059833 0.35734 82
1729199354449 0.35099 83
1729199648310 0.36075 84
1729199947118 0.33341 85
1729200237801 0.34209 86
1729200529875 0.35289 87
1729200817579 0.34262 88
1729201112147 0.36027 89
1729201402301 0.33984 90
1729201690522 0.31152 91
1729201981483 0.28965 92
1729202278331 0.33829 93
1729202573428 0.29421 94
1729202870223 0.31131 95
1729203170425 0.33245 96
1729203472591 0.29351 97
1729203771425 0.31314 98
1729204068992 0.27487 99
