1729174275260 1.58926 0
1729174576019 1.42282 1
1729174880977 1.31635 2
1729175191391 1.29269 3
1729175497371 1.20426 4
1729175812708 1.18441 5
1729176110703 1.21015 6
1729176414307 1.17782 7
1729176710939 1.13533 8
1729177018396 1.16035 9
1729177327029 1.11536 10
1729177635095 1.09905 11
1729177946198 1.09705 12
1729178248496 1.09592 13
1729178559222 1.09268 14
1729178865104 1.06431 15
1729179173963 1.08176 16
1729179490554 1.06369 17
1729179801045 1.05466 18
1729180103867 1.06342 19
1729180415401 1.05836 20
1729180730113 1.06203 21
1729181043346 1.01641 22
1729181346630 1.03437 23
1729181653345 1.04803 24
1729181958604 1.03996 25
1729182266218 1.01969 26
1729182583878 1.01426 27
1729182890631 1.00793 28
1729183192506 0.99877 29
1729183499078 1.00898 30
1729183796563 1.00149 31
1729184097650 0.99411 32
1729184413657 1.01143 33
1729184724866 0.99637 34
1729185032583 0.9999 35
1729185340575 0.96941 36
1729185633358 0.98062 37
1729185926476 0.97927 38
1729186226912 0.98756 39
1729186523340 0.98912 40
1729186820158 0.96419 41
1729187136224 0.96672 42
1729187434517 0.96946 43
1729187732386 0.96418 44
1729188030970 0.95115 45
1729188327670 0.95968 46
1729188626444 0.9659 47
1729188928048 0.94502 48
1729189224732 0.95048 49
1729189524769 0.93957 50
1729189825593 0.95379 51
1729190125835 0.93956 52
1729190448103 0.93424 53
1729190754037 0.93024 54
1729191049906 0.93666 55
1729191350333 0.95446 56
1729191646667 0.94258 57
1729191950457 0.9366 58
1729192247587 0.93609 59
1729192554442 0.93508 60
1729192856792 0.93848 61
1729193163018 0.91763 62
1729193459848 0.91884 63
1729193753817 0.92674 64
1729194050700 0.92277 65
1729194345930 0.92291 66
1729194637834 0.92067 67
1729194928773 0.92577 68
1729195225676 0.92439 69
1729195517666 0.89943 70
1729195809311 0.90618 71
1729196106343 0.90925 72
1729196400188 0.90675 73
1729196694979 0.90648 74
1729196991570 0.90552 75
1729197289497 0.90746 76
1729197588336 0.89787 77
1729197880556 0.90889 78
1729198172676 0.90827 79
1729198467686 0.89257 80
1729198764524 0.90336 81
1729199059833 0.90145 82
1729199354449 0.89435 83
1729199648310 0.89885 84
1729199947118 0.88603 85
1729200237801 0.89932 86
1729200529875 0.89145 87
1729200817579 0.88387 88
1729201112147 0.88986 89
1729201402301 0.89001 90
1729201690522 0.8667 91
1729201981483 0.86785 92
1729202278331 0.86233 93
1729202573428 0.87511 94
1729202870223 0.88336 95
1729203170425 0.89231 96
1729203472591 0.8815 97
1729203771425 0.87005 98
1729204068992 0.87066 99
