1728928300750 0.02692 0
1728928600879 0.04523 1
1728928922302 0.09143 2
1728929244847 0.11256 3
1728929552282 0.15807 4
1728929874324 0.16471 5
1728930185900 0.16838 6
1728930495584 0.1964 7
1728930805428 0.18743 8
1728931121171 0.20381 9
1728931443502 0.2263 10
1728931759899 0.22167 11
1728932084179 0.24987 12
1728932400023 0.24253 13
1728932712820 0.26484 14
1728933024116 0.26492 15
1728933349423 0.24306 16
1728933672436 0.23785 17
1728933998873 0.24618 18
1728934309166 0.25184 19
1728934623866 0.24182 20
1728934928387 0.24307 21
1728935239389 0.24527 22
1728935555567 0.25399 23
1728935857995 0.25386 24
1728935872117 0.2650322514582792 24
