1728928300750 0.01842 0
1728928600879 0.03114 1
1728928922302 0.05991 2
1728929244847 0.07514 3
1728929552282 0.10557 4
1728929874324 0.10519 5
1728930185900 0.10274 6
1728930495584 0.12238 7
1728930805428 0.11322 8
1728931121171 0.12328 9
1728931443502 0.14397 10
1728931759899 0.13664 11
1728932084179 0.15513 12
1728932400023 0.15587 13
1728932712820 0.16681 14
1728933024116 0.168 15
1728933349423 0.15679 16
1728933672436 0.15136 17
1728933998873 0.15195 18
1728934309166 0.16102 19
1728934623866 0.15307 20
1728934928387 0.15011 21
1728935239389 0.15302 22
1728935555567 0.15732 23
1728935857995 0.15892 24
1728935872117 0.16867154029695347 24
