1728928300750 0.24523 0
1728928600879 0.36776 1
1728928922302 0.28193 2
1728929244847 0.3422 3
1728929552282 0.27372 4
1728929874324 0.46059 5
1728930185900 0.45536 6
1728930495584 0.27062 7
1728930805428 0.20881 8
1728931121171 0.28625 9
1728931443502 0.23188 10
1728931759899 0.30676 11
1728932084179 0.29081 12
1728932400023 0.34897 13
1728932712820 0.3568 14
1728933024116 0.28583 15
1728933349423 0.23446 16
1728933672436 0.23005 17
1728933998873 0.32318 18
1728934309166 0.36561 19
1728934623866 0.31748 20
1728934928387 0.37341 21
1728935239389 0.36313 22
1728935555567 0.39226 23
1728935857995 0.40772 24
1728935872117 0.28447230518903155 24
