1728928300750 0.04084 0
1728928600879 0.06883 1
1728928922302 0.25678 2
1728929244847 0.24497 3
1728929552282 0.24447 4
1728929874324 0.17503 5
1728930185900 0.17253 6
1728930495584 0.24859 7
1728930805428 0.21984 8
1728931121171 0.24303 9
1728931443502 0.25128 10
1728931759899 0.27486 11
1728932084179 0.21784 12
1728932400023 0.2703 13
1728932712820 0.25713 14
1728933024116 0.31285 15
1728933349423 0.30781 16
1728933672436 0.30788 17
1728933998873 0.34546 18
1728934309166 0.30031 19
1728934623866 0.32243 20
1728934928387 0.23866 21
1728935239389 0.24705 22
1728935555567 0.23767 23
1728935857995 0.22435 24
1728935872117 0.3139264440893464 24
