1729174291858 0.05092 0
1729174592233 0.03311 1
1729174894981 0.12227 2
1729175205476 0.12862 3
1729175510848 0.14734 4
1729175826525 0.16514 5
1729176123952 0.17093 6
1729176427270 0.1948 7
1729176724262 0.18569 8
1729177031787 0.16943 9
1729177340477 0.172 10
1729177648368 0.24283 11
1729177959356 0.22996 12
1729178261695 0.19551 13
1729178572463 0.23794 14
1729178878266 0.21172 15
1729179187212 0.27342 16
1729179503592 0.22102 17
1729179814278 0.24538 18
1729180117562 0.28278 19
1729180428431 0.24956 20
1729180743298 0.2417 21
1729181056521 0.29875 22
1729181359174 0.27464 23
1729181666805 0.25974 24
1729181971294 0.28313 25
1729182279382 0.27056 26
1729182596947 0.26129 27
1729182903484 0.2812 28
1729183205657 0.27702 29
1729183512477 0.26668 30
1729183809911 0.25051 31
1729184111159 0.26158 32
1729184427148 0.29224 33
1729184737985 0.28481 34
1729185045786 0.24204 35
1729185354213 0.25567 36
1729185646798 0.30228 37
1729185939795 0.31046 38
1729186239783 0.29453 39
1729186536620 0.29806 40
1729186833376 0.28814 41
1729187149231 0.27838 42
1729187447643 0.25961 43
1729187745182 0.25393 44
1729188044199 0.29046 45
1729188341282 0.30012 46
1729188639491 0.31623 47
1729188941370 0.29698 48
1729189237815 0.29266 49
1729189537912 0.28175 50
1729189838698 0.27732 51
1729190139902 0.27716 52
1729190460892 0.27024 53
1729190767340 0.27711 54
1729191063099 0.28616 55
1729191363310 0.29657 56
1729191659752 0.29604 57
1729191963932 0.28905 58
1729192261200 0.26776 59
1729192567400 0.26989 60
1729192869753 0.294 61
1729193175951 0.28933 62
1729193473195 0.27413 63
1729193766673 0.27715 64
1729194063299 0.26611 65
1729194358776 0.26169 66
1729194651045 0.26612 67
1729194942075 0.25767 68
1729195238900 0.28565 69
1729195530792 0.30415 70
1729195822542 0.30562 71
1729196119352 0.30271 72
1729196413241 0.28935 73
1729196708065 0.27646 74
1729197005234 0.27537 75
1729197302920 0.27241 76
1729197601489 0.28321 77
1729197893634 0.28418 78
1729198185719 0.28651 79
1729198480901 0.28347 80
1729198777382 0.28842 81
1729199072845 0.28154 82
1729199367660 0.28538 83
1729199661083 0.28859 84
1729199960101 0.2952 85
1729200250662 0.29028 86
1729200542621 0.29385 87
1729200830424 0.29448 88
1729201125599 0.29919 89
1729201415433 0.28779 90
1729201703533 0.28766 91
1729201994407 0.27727 92
1729202291378 0.28744 93
1729202586345 0.29075 94
1729202883183 0.28997 95
1729203183344 0.28912 96
1729203485749 0.2899 97
1729203784535 0.29039 98
1729204081924 0.2908 99
1729204096647 0.31041377880299015 99
