1729174291858 0.03795 0
1729174592233 0.0227 1
1729174894981 0.07799 2
1729175205476 0.09153 3
1729175510848 0.09402 4
1729175826525 0.09881 5
1729176123952 0.11493 6
1729176427270 0.12742 7
1729176724262 0.12313 8
1729177031787 0.10841 9
1729177340477 0.11143 10
1729177648368 0.15634 11
1729177959356 0.15087 12
1729178261695 0.12925 13
1729178572463 0.1512 14
1729178878266 0.13252 15
1729179187212 0.18372 16
1729179503592 0.14534 17
1729179814278 0.16491 18
1729180117562 0.1734 19
1729180428431 0.16309 20
1729180743298 0.1653 21
1729181056521 0.19603 22
1729181359174 0.18832 23
1729181666805 0.17177 24
1729181971294 0.19818 25
1729182279382 0.18772 26
1729182596947 0.162 27
1729182903484 0.18889 28
1729183205657 0.18618 29
1729183512477 0.18839 30
1729183809911 0.1755 31
1729184111159 0.18095 32
1729184427148 0.20632 33
1729184737985 0.19764 34
1729185045786 0.16338 35
1729185354213 0.17622 36
1729185646798 0.21444 37
1729185939795 0.22021 38
1729186239783 0.19764 39
1729186536620 0.19857 40
1729186833376 0.18793 41
1729187149231 0.18527 42
1729187447643 0.16813 43
1729187745182 0.15833 44
1729188044199 0.18261 45
1729188341282 0.1979 46
1729188639491 0.21655 47
1729188941370 0.20712 48
1729189237815 0.2044 49
1729189537912 0.1892 50
1729189838698 0.18073 51
1729190139902 0.18579 52
1729190460892 0.18638 53
1729190767340 0.18966 54
1729191063099 0.19805 55
1729191363310 0.2019 56
1729191659752 0.20086 57
1729191963932 0.19132 58
1729192261200 0.17997 59
1729192567400 0.17958 60
1729192869753 0.19804 61
1729193175951 0.19762 62
1729193473195 0.18457 63
1729193766673 0.18779 64
1729194063299 0.17903 65
1729194358776 0.18055 66
1729194651045 0.17942 67
1729194942075 0.17894 68
1729195238900 0.1957 69
1729195530792 0.20901 70
1729195822542 0.20756 71
1729196119352 0.20996 72
1729196413241 0.19905 73
1729196708065 0.1926 74
1729197005234 0.18784 75
1729197302920 0.18341 76
1729197601489 0.18859 77
1729197893634 0.19171 78
1729198185719 0.19613 79
1729198480901 0.19375 80
1729198777382 0.19849 81
1729199072845 0.19413 82
1729199367660 0.19408 83
1729199661083 0.19496 84
1729199960101 0.19777 85
1729200250662 0.19545 86
1729200542621 0.19626 87
1729200830424 0.19927 88
1729201125599 0.20445 89
1729201415433 0.19574 90
1729201703533 0.19446 91
1729201994407 0.18521 92
1729202291378 0.19046 93
1729202586345 0.19443 94
1729202883183 0.1957 95
1729203183344 0.19435 96
1729203485749 0.19602 97
1729203784535 0.19725 98
1729204081924 0.19707 99
1729204096647 0.2202066860981128 99
