1729174291858 0.06888 0
1729174592233 0.22892 1
1729174894981 0.58094 2
1729175205476 0.31352 3
1729175510848 0.34104 4
1729175826525 0.21569 5
1729176123952 0.44099 6
1729176427270 0.34499 7
1729176724262 0.35888 8
1729177031787 0.37069 9
1729177340477 0.16579 10
1729177648368 0.23249 11
1729177959356 0.24518 12
1729178261695 0.21295 13
1729178572463 0.21652 14
1729178878266 0.3095 15
1729179187212 0.28451 16
1729179503592 0.23203 17
1729179814278 0.25245 18
1729180117562 0.42851 19
1729180428431 0.33592 20
1729180743298 0.27077 21
1729181056521 0.30926 22
1729181359174 0.29444 23
1729181666805 0.28564 24
1729181971294 0.29748 25
1729182279382 0.34855 26
1729182596947 0.2759 27
1729182903484 0.26689 28
1729183205657 0.30981 29
1729183512477 0.3257 30
1729183809911 0.30378 31
1729184111159 0.2351 32
1729184427148 0.27422 33
1729184737985 0.33538 34
1729185045786 0.27699 35
1729185354213 0.30258 36
1729185646798 0.342 37
1729185939795 0.33992 38
1729186239783 0.3147 39
1729186536620 0.29087 40
1729186833376 0.36408 41
1729187149231 0.24543 42
1729187447643 0.25674 43
1729187745182 0.251 44
1729188044199 0.31273 45
1729188341282 0.32757 46
1729188639491 0.33238 47
1729188941370 0.32482 48
1729189237815 0.26781 49
1729189537912 0.27379 50
1729189838698 0.24276 51
1729190139902 0.28219 52
1729190460892 0.28878 53
1729190767340 0.24566 54
1729191063099 0.25442 55
1729191363310 0.47422 56
1729191659752 0.28037 57
1729191963932 0.2774 58
1729192261200 0.2754 59
1729192567400 0.28305 60
1729192869753 0.32673 61
1729193175951 0.30915 62
1729193473195 0.33185 63
1729193766673 0.26938 64
1729194063299 0.33208 65
1729194358776 0.26161 66
1729194651045 0.2931 67
1729194942075 0.2894 68
1729195238900 0.31994 69
1729195530792 0.27751 70
1729195822542 0.41613 71
1729196119352 0.31378 72
1729196413241 0.27922 73
1729196708065 0.28206 74
1729197005234 0.28942 75
1729197302920 0.33835 76
1729197601489 0.32957 77
1729197893634 0.29031 78
1729198185719 0.306 79
1729198480901 0.32169 80
1729198777382 0.28956 81
1729199072845 0.34051 82
1729199367660 0.29453 83
1729199661083 0.31215 84
1729199960101 0.295 85
1729200250662 0.30633 86
1729200542621 0.27709 87
1729200830424 0.31641 88
1729201125599 0.3084 89
1729201415433 0.32747 90
1729201703533 0.2751 91
1729201994407 0.30837 92
1729202291378 0.3042 93
1729202586345 0.37951 94
1729202883183 0.3429 95
1729203183344 0.33196 96
1729203485749 0.32223 97
1729203784535 0.31604 98
1729204081924 0.3196 99
1729204096647 0.3430494238928269 99
