1729174291858 0.05097 0
1729174592233 0.0875 1
1729174894981 0.18869 2
1729175205476 0.15703 3
1729175510848 0.15303 4
1729175826525 0.31976 5
1729176123952 0.22601 6
1729176427270 0.29394 7
1729176724262 0.21367 8
1729177031787 0.17583 9
1729177340477 0.25145 10
1729177648368 0.25822 11
1729177959356 0.30898 12
1729178261695 0.2026 13
1729178572463 0.28927 14
1729178878266 0.22188 15
1729179187212 0.31403 16
1729179503592 0.2832 17
1729179814278 0.25472 18
1729180117562 0.29965 19
1729180428431 0.28128 20
1729180743298 0.28173 21
1729181056521 0.30917 22
1729181359174 0.28828 23
1729181666805 0.31713 24
1729181971294 0.31797 25
1729182279382 0.24609 26
1729182596947 0.26976 27
1729182903484 0.36549 28
1729183205657 0.32106 29
1729183512477 0.2475 30
1729183809911 0.23176 31
1729184111159 0.30781 32
1729184427148 0.3376 33
1729184737985 0.28918 34
1729185045786 0.28015 35
1729185354213 0.2567 36
1729185646798 0.27207 37
1729185939795 0.30356 38
1729186239783 0.2853 39
1729186536620 0.33263 40
1729186833376 0.27708 41
1729187149231 0.34843 42
1729187447643 0.28593 43
1729187745182 0.32645 44
1729188044199 0.30585 45
1729188341282 0.31597 46
1729188639491 0.34458 47
1729188941370 0.33897 48
1729189237815 0.34418 49
1729189537912 0.35605 50
1729189838698 0.3514 51
1729190139902 0.29111 52
1729190460892 0.2726 53
1729190767340 0.32501 54
1729191063099 0.31919 55
1729191363310 0.2551 56
1729191659752 0.33237 57
1729191963932 0.3361 58
1729192261200 0.3423 59
1729192567400 0.30737 60
1729192869753 0.28273 61
1729193175951 0.31643 62
1729193473195 0.25125 63
1729193766673 0.33634 64
1729194063299 0.26062 65
1729194358776 0.29037 66
1729194651045 0.26985 67
1729194942075 0.27424 68
1729195238900 0.28046 69
1729195530792 0.37713 70
1729195822542 0.29663 71
1729196119352 0.3058 72
1729196413241 0.31396 73
1729196708065 0.3017 74
1729197005234 0.28783 75
1729197302920 0.26108 76
1729197601489 0.2913 77
1729197893634 0.31011 78
1729198185719 0.28009 79
1729198480901 0.27642 80
1729198777382 0.31906 81
1729199072845 0.26223 82
1729199367660 0.30172 83
1729199661083 0.27225 84
1729199960101 0.28524 85
1729200250662 0.27569 86
1729200542621 0.32726 87
1729200830424 0.2842 88
1729201125599 0.30114 89
1729201415433 0.26707 90
1729201703533 0.30264 91
1729201994407 0.26876 92
1729202291378 0.27464 93
1729202586345 0.23302 94
1729202883183 0.26386 95
1729203183344 0.2694 96
1729203485749 0.26561 97
1729203784535 0.27589 98
1729204081924 0.27222 99
1729204096647 0.3021049098367839 99
