1729174275260 8.819999999999999e-05 0
1729174576019 0.00018047542799999998 1
1729174880977 0.000270888072 2
1729175191391 0.00035943793199999996 3
1729175497371 0.0004461250079999999 4
1729175812708 0.0005309493000000001 5
1729176110703 0.0005530728 6
1729176414307 0.0005472516 7
1729176710939 0.0005414304 8
1729177018396 0.0005356092 9
1729177327029 0.000529788 10
1729177635095 0.0005239668 11
1729177946198 0.0005181456 12
1729178248496 0.0005123244 13
1729178559222 0.0005065031999999999 14
1729178865104 0.000500682 15
1729179173963 0.0004948608 16
1729179490554 0.0004890396 17
1729179801045 0.0004832184 18
1729180103867 0.0004773972 19
1729180415401 0.000471576 20
1729180730113 0.0004657548 21
1729181043346 0.0004599336 22
1729181346630 0.0004541124 23
1729181653345 0.0004482912 24
1729181958604 0.00044246999999999993 25
1729182266218 0.0004366488 26
1729182583878 0.0004308276 27
1729182890631 0.0004250064 28
1729183192506 0.0004191852 29
1729183499078 0.00041336399999999994 30
1729183796563 0.00040754279999999994 31
1729184097650 0.00040172159999999995 32
1729184413657 0.00039590039999999995 33
1729184724866 0.0003900791999999999 34
1729185032583 0.00038425799999999995 35
1729185340575 0.0003784368 36
1729185633358 0.0003726156 37
1729185926476 0.0003667944 38
1729186226912 0.0003609732 39
1729186523340 0.00035515199999999996 40
1729186820158 0.0003493308 41
1729187136224 0.0003435096 42
1729187434517 0.0003376884 43
1729187732386 0.00033186719999999997 44
1729188030970 0.000326046 45
1729188327670 0.00032022480000000003 46
1729188626444 0.00031440360000000003 47
1729188928048 0.00030858240000000004 48
1729189224732 0.0003027612 49
1729189524769 0.00029694 50
1729189825593 0.0002911188 51
1729190125835 0.0002852976 52
1729190448103 0.0002794764 53
1729190754037 0.0002736552 54
1729191049906 0.00026783399999999994 55
1729191350333 0.00026201279999999995 56
1729191646667 0.0002561916 57
1729191950457 0.00025037040000000006 58
1729192247587 0.0002445492 59
1729192554442 0.000238728 60
1729192856792 0.00023290679999999998 61
1729193163018 0.00022708559999999999 62
1729193459848 0.00022126440000000002 63
1729193753817 0.0002154432 64
1729194050700 0.000209622 65
1729194345930 0.00020380079999999997 66
1729194637834 0.00019797959999999997 67
1729194928773 0.00019215839999999997 68
1729195225676 0.00018633720000000003 69
1729195517666 0.00018051600000000003 70
1729195809311 0.0001746948 71
1729196106343 0.0001688736 72
1729196400188 0.0001630524 73
1729196694979 0.0001572312 74
1729196991570 0.00015141 75
1729197289497 0.0001455888 76
1729197588336 0.0001397676 77
1729197880556 0.00013394639999999997 78
1729198172676 0.0001281252 79
1729198467686 0.00012230399999999997 80
1729198764524 0.00011648279999999996 81
1729199059833 0.00011066160000000003 82
1729199354449 0.00010484040000000002 83
1729199648310 9.901920000000002e-05 84
1729199947118 9.319800000000001e-05 85
1729200237801 8.73768e-05 86
1729200529875 8.15556e-05 87
1729200817579 7.573439999999999e-05 88
1729201112147 6.991319999999998e-05 89
1729201402301 6.409199999999998e-05 90
1729201690522 5.827079999999998e-05 91
1729201981483 5.244959999999997e-05 92
1729202278331 4.662839999999996e-05 93
1729202573428 4.0807200000000025e-05 94
1729202870223 3.498600000000003e-05 95
1729203170425 2.9164800000000023e-05 96
1729203472591 2.3343600000000015e-05 97
1729203771425 1.752240000000001e-05 98
1729204068992 1.1701200000000004e-05 99
