1729080441057 8.819999999999999e-05 0
1729080750330 0.00017325714 1
1729081070655 0.00024900036 2
1729081396009 0.00031542966 3
1729081710079 0.00037254504 4
1729082029468 0.00042034649999999994 5
1729082330249 0.00041336399999999994 6
1729082649572 0.00038425799999999995 7
1729082952482 0.00035515199999999996 8
1729083261068 0.000326046 9
1729083568736 0.00029694 10
1729083885454 0.00026783399999999994 11
1729084199738 0.000238728 12
1729084503780 0.000209622 13
1729084947569 0.00018051600000000003 14
1729085296375 0.00015141 15
1729085586759 0.00012230399999999997 16
1729085897095 9.319800000000001e-05 17
1729086208790 6.409199999999998e-05 18
1729086516156 3.498600000000003e-05 19
