1729025770108 0.03795 0
1729026136158 0.0227 1
1729026470435 0.07799 2
1729026805156 0.09153 3
1729027141084 0.09402 4
1729027476883 0.09881 5
1729032814846 0.11493 6
1729039826330 0.12742 7
1729044669811 0.12313 8
1729050530353 0.10841 9
1729052575916 0.11143 10
1729052908222 0.15634 11
1729053225924 0.15087 12
1729053544508 0.12925 13
1729053868468 0.1512 14
1729054188114 0.13252 15
1729054514277 0.18372 16
1729054832129 0.14534 17
1729055136559 0.16491 18
1729055447468 0.1734 19
1729055751693 0.16309 20
1729056059662 0.1653 21
1729056361847 0.19603 22
1729056668870 0.18832 23
1729056973930 0.17177 24
1729058205965 0.19818 25
1729059053846 0.18772 26
1729059371936 0.162 27
1729059683552 0.18889 28
1729059999706 0.18618 29
1729060315426 0.18839 30
1729060617601 0.1755 31
1729060923644 0.18095 32
1729061224578 0.20632 33
1729061527181 0.19764 34
1729061842621 0.16338 35
1729062156712 0.17622 36
1729062450854 0.21444 37
1729062776574 0.22021 38
1729063087133 0.19764 39
1729063415359 0.19857 40
1729063739430 0.18793 41
1729064071180 0.18527 42
1729064398867 0.16813 43
1729064724467 0.15833 44
1729065060057 0.18261 45
1729065384206 0.1979 46
1729065712659 0.21655 47
1729066036133 0.20712 48
1729066368320 0.2044 49
1729066699935 0.1892 50
1729067024413 0.18073 51
1729067345648 0.18579 52
1729067671402 0.18638 53
1729067991558 0.18966 54
1729068306339 0.19805 55
1729068618432 0.2019 56
1729068930445 0.20086 57
1729069256536 0.19132 58
1729069578458 0.17997 59
1729069904385 0.17958 60
1729070226176 0.19804 61
1729070534567 0.19762 62
1729070910525 0.18457 63
1729071707680 0.18779 64
1729072022556 0.17903 65
1729072339551 0.18055 66
1729072647808 0.17942 67
1729072968894 0.17894 68
1729073288308 0.1957 69
1729073579930 0.20901 70
1729073886381 0.20756 71
1729074207057 0.20996 72
1729074527518 0.19905 73
1729074851550 0.1926 74
1729075161805 0.18784 75
1729075451158 0.18341 76
1729075742724 0.18859 77
1729076033083 0.19171 78
1729076335167 0.19613 79
1729076636467 0.19375 80
1729076938855 0.19849 81
1729077233872 0.19413 82
1729077523105 0.19408 83
1729077810709 0.19496 84
1729078102534 0.19777 85
1729078405785 0.19545 86
1729078722519 0.19626 87
