1729025770108 0.05092 0
1729026136158 0.03311 1
1729026470435 0.12227 2
1729026805156 0.12862 3
1729027141084 0.14734 4
1729027476883 0.16514 5
1729032814846 0.17093 6
1729039826330 0.1948 7
1729044669811 0.18569 8
1729050530353 0.16943 9
1729052575916 0.172 10
1729052908222 0.24283 11
1729053225924 0.22996 12
1729053544508 0.19551 13
1729053868468 0.23794 14
1729054188114 0.21172 15
1729054514277 0.27342 16
1729054832129 0.22102 17
1729055136559 0.24538 18
1729055447468 0.28278 19
1729055751693 0.24956 20
1729056059662 0.2417 21
1729056361847 0.29875 22
1729056668870 0.27464 23
1729056973930 0.25974 24
1729058205965 0.28313 25
1729059053846 0.27056 26
1729059371936 0.26129 27
1729059683552 0.2812 28
1729059999706 0.27702 29
1729060315426 0.26668 30
1729060617601 0.25051 31
1729060923644 0.26158 32
1729061224578 0.29224 33
1729061527181 0.28481 34
1729061842621 0.24204 35
1729062156712 0.25567 36
1729062450854 0.30228 37
1729062776574 0.31046 38
1729063087133 0.29453 39
1729063415359 0.29806 40
1729063739430 0.28814 41
1729064071180 0.27838 42
1729064398867 0.25961 43
1729064724467 0.25393 44
1729065060057 0.29046 45
1729065384206 0.30012 46
1729065712659 0.31623 47
1729066036133 0.29698 48
1729066368320 0.29266 49
1729066699935 0.28175 50
1729067024413 0.27732 51
1729067345648 0.27716 52
1729067671402 0.27024 53
1729067991558 0.27711 54
1729068306339 0.28616 55
1729068618432 0.29657 56
1729068930445 0.29604 57
1729069256536 0.28905 58
1729069578458 0.26776 59
1729069904385 0.26989 60
1729070226176 0.294 61
1729070534567 0.28933 62
1729070910525 0.27413 63
1729071707680 0.27715 64
1729072022556 0.26611 65
1729072339551 0.26169 66
1729072647808 0.26612 67
1729072968894 0.25767 68
1729073288308 0.28565 69
1729073579930 0.30415 70
1729073886381 0.30562 71
1729074207057 0.30271 72
1729074527518 0.28935 73
1729074851550 0.27646 74
1729075161805 0.27537 75
1729075451158 0.27241 76
1729075742724 0.28321 77
1729076033083 0.28418 78
1729076335167 0.28651 79
1729076636467 0.28347 80
1729076938855 0.28842 81
1729077233872 0.28154 82
1729077523105 0.28538 83
1729077810709 0.28859 84
1729078102534 0.2952 85
1729078405785 0.29028 86
1729078722519 0.29385 87
