1729025770108 0.06888 0
1729026136158 0.22892 1
1729026470435 0.58094 2
1729026805156 0.31352 3
1729027141084 0.34104 4
1729027476883 0.21569 5
1729032814846 0.44099 6
1729039826330 0.34499 7
1729044669811 0.35888 8
1729050530353 0.37069 9
1729052575916 0.16579 10
1729052908222 0.23249 11
1729053225924 0.24518 12
1729053544508 0.21295 13
1729053868468 0.21652 14
1729054188114 0.3095 15
1729054514277 0.28451 16
1729054832129 0.23203 17
1729055136559 0.25245 18
1729055447468 0.42851 19
1729055751693 0.33592 20
1729056059662 0.27077 21
1729056361847 0.30926 22
1729056668870 0.29444 23
1729056973930 0.28564 24
1729058205965 0.29748 25
1729059053846 0.34855 26
1729059371936 0.2759 27
1729059683552 0.26689 28
1729059999706 0.30981 29
1729060315426 0.3257 30
1729060617601 0.30378 31
1729060923644 0.2351 32
1729061224578 0.27422 33
1729061527181 0.33538 34
1729061842621 0.27699 35
1729062156712 0.30258 36
1729062450854 0.342 37
1729062776574 0.33992 38
1729063087133 0.3147 39
1729063415359 0.29087 40
1729063739430 0.36408 41
1729064071180 0.24543 42
1729064398867 0.25674 43
1729064724467 0.251 44
1729065060057 0.31273 45
1729065384206 0.32757 46
1729065712659 0.33238 47
1729066036133 0.32482 48
1729066368320 0.26781 49
1729066699935 0.27379 50
1729067024413 0.24276 51
1729067345648 0.28219 52
1729067671402 0.28878 53
1729067991558 0.24566 54
1729068306339 0.25442 55
1729068618432 0.47422 56
1729068930445 0.28037 57
1729069256536 0.2774 58
1729069578458 0.2754 59
1729069904385 0.28305 60
1729070226176 0.32673 61
1729070534567 0.30915 62
1729070910525 0.33185 63
1729071707680 0.26938 64
1729072022556 0.33208 65
1729072339551 0.26161 66
1729072647808 0.2931 67
1729072968894 0.2894 68
1729073288308 0.31994 69
1729073579930 0.27751 70
1729073886381 0.41613 71
1729074207057 0.31378 72
1729074527518 0.27922 73
1729074851550 0.28206 74
1729075161805 0.28942 75
1729075451158 0.33835 76
1729075742724 0.32957 77
1729076033083 0.29031 78
1729076335167 0.306 79
1729076636467 0.32169 80
1729076938855 0.28956 81
1729077233872 0.34051 82
1729077523105 0.29453 83
1729077810709 0.31215 84
1729078102534 0.295 85
1729078405785 0.30633 86
1729078722519 0.27709 87
