1729025770108 0.05097 0
1729026136158 0.0875 1
1729026470435 0.18869 2
1729026805156 0.15703 3
1729027141084 0.15303 4
1729027476883 0.31976 5
1729032814846 0.22601 6
1729039826330 0.29394 7
1729044669811 0.21367 8
1729050530353 0.17583 9
1729052575916 0.25145 10
1729052908222 0.25822 11
1729053225924 0.30898 12
1729053544508 0.2026 13
1729053868468 0.28927 14
1729054188114 0.22188 15
1729054514277 0.31403 16
1729054832129 0.2832 17
1729055136559 0.25472 18
1729055447468 0.29965 19
1729055751693 0.28128 20
1729056059662 0.28173 21
1729056361847 0.30917 22
1729056668870 0.28828 23
1729056973930 0.31713 24
1729058205965 0.31797 25
1729059053846 0.24609 26
1729059371936 0.26976 27
1729059683552 0.36549 28
1729059999706 0.32106 29
1729060315426 0.2475 30
1729060617601 0.23176 31
1729060923644 0.30781 32
1729061224578 0.3376 33
1729061527181 0.28918 34
1729061842621 0.28015 35
1729062156712 0.2567 36
1729062450854 0.27207 37
1729062776574 0.30356 38
1729063087133 0.2853 39
1729063415359 0.33263 40
1729063739430 0.27708 41
1729064071180 0.34843 42
1729064398867 0.28593 43
1729064724467 0.32645 44
1729065060057 0.30585 45
1729065384206 0.31597 46
1729065712659 0.34458 47
1729066036133 0.33897 48
1729066368320 0.34418 49
1729066699935 0.35605 50
1729067024413 0.3514 51
1729067345648 0.29111 52
1729067671402 0.2726 53
1729067991558 0.32501 54
1729068306339 0.31919 55
1729068618432 0.2551 56
1729068930445 0.33237 57
1729069256536 0.3361 58
1729069578458 0.3423 59
1729069904385 0.30737 60
1729070226176 0.28273 61
1729070534567 0.31643 62
1729070910525 0.25125 63
1729071707680 0.33634 64
1729072022556 0.26062 65
1729072339551 0.29037 66
1729072647808 0.26985 67
1729072968894 0.27424 68
1729073288308 0.28046 69
1729073579930 0.37713 70
1729073886381 0.29663 71
1729074207057 0.3058 72
1729074527518 0.31396 73
1729074851550 0.3017 74
1729075161805 0.28783 75
1729075451158 0.26108 76
1729075742724 0.2913 77
1729076033083 0.31011 78
1729076335167 0.28009 79
1729076636467 0.27642 80
1729076938855 0.31906 81
1729077233872 0.26223 82
1729077523105 0.30172 83
1729077810709 0.27225 84
1729078102534 0.28524 85
1729078405785 0.27569 86
1729078722519 0.32726 87
